
══ /data/c0061461/THESIS/PBC/Disps/platelets -- Ranked by AIC ══════════════════════════════════════════════════════════════════════════════
                      AIC     BIC   logLik deviance df.resid
1_Time.log        20341.4 20441.0 -10152.7  20305.4     1848
1_Sex.log         20353.1 20452.6 -10158.5  20317.1     1848
1_Age.log         20353.4 20453.0 -10158.7  20317.4     1848
1_Histologic2.log 20354.8 20454.3 -10159.4  20318.8     1848
1_Drug.log        20359.2 20458.8 -10161.6  20323.2     1848

══ /data/c0061461/THESIS/PBC/Disps/platelets -- Ranked by BIC ══════════════════════════════════════════════════════════════════════════════
                      AIC     BIC   logLik deviance df.resid
1_Time.log        20341.4 20441.0 -10152.7  20305.4     1848
1_Sex.log         20353.1 20452.6 -10158.5  20317.1     1848
1_Age.log         20353.4 20453.0 -10158.7  20317.4     1848
1_Histologic2.log 20354.8 20454.3 -10159.4  20318.8     1848
1_Drug.log        20359.2 20458.8 -10161.6  20323.2     1848

══ /data/c0061461/THESIS/PBC/Disps/platelets -- Ranked by logLik ═══════════════════════════════════════════════════════════════════════════
                      AIC     BIC   logLik deviance df.resid
1_Drug.log        20359.2 20458.8 -10161.6  20323.2     1848
1_Histologic2.log 20354.8 20454.3 -10159.4  20318.8     1848
1_Age.log         20353.4 20453.0 -10158.7  20317.4     1848
1_Sex.log         20353.1 20452.6 -10158.5  20317.1     1848
1_Time.log        20341.4 20441.0 -10152.7  20305.4     1848

