
══ /data/c0061461/THESIS/PBC/Disps/alkaline -- Ranked by AIC ═══════════════════════════════════════════════════════════════════════════════
                      AIC     BIC   logLik deviance df.resid
1_Histologic2.log 28014.8 28114.3 -13989.4  27978.8     1848
1_Time.log        28015.5 28115.0 -13989.7  27979.5     1848
1_Drug.log        28038.2 28137.8 -14001.1  28002.2     1848
1_Age.log         28052.4 28151.9 -14008.2  28016.4     1848
1_Sex.log         28055.7 28155.3 -14009.8  28019.7     1848

══ /data/c0061461/THESIS/PBC/Disps/alkaline -- Ranked by BIC ═══════════════════════════════════════════════════════════════════════════════
                      AIC     BIC   logLik deviance df.resid
1_Histologic2.log 28014.8 28114.3 -13989.4  27978.8     1848
1_Time.log        28015.5 28115.0 -13989.7  27979.5     1848
1_Drug.log        28038.2 28137.8 -14001.1  28002.2     1848
1_Age.log         28052.4 28151.9 -14008.2  28016.4     1848
1_Sex.log         28055.7 28155.3 -14009.8  28019.7     1848

══ /data/c0061461/THESIS/PBC/Disps/alkaline -- Ranked by logLik ════════════════════════════════════════════════════════════════════════════
                      AIC     BIC   logLik deviance df.resid
1_Sex.log         28055.7 28155.3 -14009.8  28019.7     1848
1_Age.log         28052.4 28151.9 -14008.2  28016.4     1848
1_Drug.log        28038.2 28137.8 -14001.1  28002.2     1848
1_Time.log        28015.5 28115.0 -13989.7  27979.5     1848
1_Histologic2.log 28014.8 28114.3 -13989.4  27978.8     1848

