
══ /data/c0061461/THESIS/PBC/Disps/prothrombin -- Ranked by AIC ════════════════════════════════════════════════════════════════════════════
                     AIC    BIC  logLik deviance df.resid
1_Time.log        5035.9 5085.7 -2509.0   5017.9     1857
1_Age.log         5065.8 5115.6 -2523.9   5047.8     1857
1_Histologic2.log 5071.6 5121.3 -2526.8   5053.6     1857
1_Drug.log        5075.7 5125.5 -2528.9   5057.7     1857
1_Sex.log         5087.6 5137.4 -2534.8   5069.6     1857

══ /data/c0061461/THESIS/PBC/Disps/prothrombin -- Ranked by BIC ════════════════════════════════════════════════════════════════════════════
                     AIC    BIC  logLik deviance df.resid
1_Time.log        5035.9 5085.7 -2509.0   5017.9     1857
1_Age.log         5065.8 5115.6 -2523.9   5047.8     1857
1_Histologic2.log 5071.6 5121.3 -2526.8   5053.6     1857
1_Drug.log        5075.7 5125.5 -2528.9   5057.7     1857
1_Sex.log         5087.6 5137.4 -2534.8   5069.6     1857

══ /data/c0061461/THESIS/PBC/Disps/prothrombin -- Ranked by logLik ═════════════════════════════════════════════════════════════════════════
                     AIC    BIC  logLik deviance df.resid
1_Sex.log         5087.6 5137.4 -2534.8   5069.6     1857
1_Drug.log        5075.7 5125.5 -2528.9   5057.7     1857
1_Histologic2.log 5071.6 5121.3 -2526.8   5053.6     1857
1_Age.log         5065.8 5115.6 -2523.9   5047.8     1857
1_Time.log        5035.9 5085.7 -2509.0   5017.9     1857

