
══ /data/c0061461/THESIS/PBC/Longs/SGOT -- Ranked by AIC ═══════════════════════════════════════════════════════════════════════════════════
                                             AIC    BIC logLik deviance df.resid
7Gaussian_quad_DI_Age_Histologic2.log     1420.2 1503.2 -695.1   1390.2     1851
8Gaussian_quad_DI_Sex_Age_Histologic2.log 1420.4 1508.9 -694.2   1388.4     1850
4Gaussian_quad_Age_Histologic2.log        1422.6 1489.0 -699.3   1398.6     1854
5Gaussian_quad_Sex_Age_Histologic2.log    1423.1 1495.0 -698.5   1397.1     1853
7Gaussian_quad_DI_Sex_Age.log             1430.4 1513.4 -700.2   1400.4     1851
4Gaussian_quad_Sex_Age.log                1434.2 1500.6 -705.1   1410.2     1854
7Gaussian_quad_DI_Sex_Histologic2.log     1440.2 1523.2 -705.1   1410.2     1851

══ /data/c0061461/THESIS/PBC/Longs/SGOT -- Ranked by BIC ═══════════════════════════════════════════════════════════════════════════════════
                                            AIC    BIC logLik deviance df.resid
4Gaussian_quad_Age_Histologic2.log       1422.6 1489.0 -699.3   1398.6     1854
5Gaussian_quad_Sex_Age_Histologic2.log   1423.1 1495.0 -698.5   1397.1     1853
3Gaussian_linear_Age_Histologic2.log     1453.3 1497.6 -718.7   1437.3     1858
4Gaussian_quad_Sex_Age.log               1434.2 1500.6 -705.1   1410.2     1854
4Gaussian_linear_Sex_Age_Histologic2.log 1452.3 1502.1 -717.2   1434.3     1857
7Gaussian_quad_DI_Age_Histologic2.log    1420.2 1503.2 -695.1   1390.2     1851
3Gaussian_linear_Sex_Age.log             1461.8 1506.1 -722.9   1445.8     1858

══ /data/c0061461/THESIS/PBC/Longs/SGOT -- Ranked by logLik ════════════════════════════════════════════════════════════════════════════════
                                             AIC    BIC logLik deviance df.resid
8Gaussian_quad_DI_Sex_Age_Histologic2.log 1420.4 1508.9 -694.2   1388.4     1850
7Gaussian_quad_DI_Age_Histologic2.log     1420.2 1503.2 -695.1   1390.2     1851
5Gaussian_quad_Sex_Age_Histologic2.log    1423.1 1495.0 -698.5   1397.1     1853
4Gaussian_quad_Age_Histologic2.log        1422.6 1489.0 -699.3   1398.6     1854
7Gaussian_quad_DI_Sex_Age.log             1430.4 1513.4 -700.2   1400.4     1851
4Gaussian_quad_Sex_Age.log                1434.2 1500.6 -705.1   1410.2     1854
7Gaussian_quad_DI_Sex_Histologic2.log     1440.2 1523.2 -705.1   1410.2     1851

